1 0.29818614453125 0.70582159765625 0.399702259765625 0.355578318359375 0.4525808125 0.16538787890625 0.457936544921875 0.1382450078125 0.45288912890625 0.132039701171875 0.378165970703125 0.1104000703125 0.36993255078125 0.112507583984375 0.35188204296875 0.169140486328125 0.331024126953125 0.254138291015625 0.308354033203125 0.32085671484375 0.213821791015625 0.666500841796875 0.210120009765625 0.694626095703125 0.216466205078125 0.699561791015625 0.28828587109375 0.7177273984375 0.2934317578125 0.716410203125 0.29818614453125 0.70582159765625
1 0.20588140234375 0.685402267578125 0.325841908203125 0.2484360703125 0.3286856484375 0.2270905859375 0.34759419921875 0.1636779140625 0.342191615234375 0.155220611328125 0.30874454296875 0.144101669921875 0.297877232421875 0.141728990234375 0.293625720703125 0.14328583203125 0.276420353515625 0.203919634765625 0.273576615234375 0.2252651171875 0.154707423828125 0.64742595703125 0.149608392578125 0.68434332421875 0.1825654921875 0.693713361328125 0.202425796875 0.69472126171875 0.20588140234375 0.685402267578125
1 0.489398521484375 0.761370451171875 0.495550158203125 0.74198973046875 0.624223533203125 0.276084169921875 0.63236086328125 0.242137734375 0.628697794921875 0.23792098046875 0.563947568359375 0.218414384765625 0.547395166015625 0.219371244140625 0.53848773828125 0.223994189453125 0.528183060546875 0.23740925 0.5052304609375 0.315914515625 0.508696587890625 0.33517627734375 0.496162421875 0.342601884765625 0.489323875 0.37527870703125 0.47662909765625 0.40476873828125 0.398187478515625 0.6867843359375 0.41229816796875 0.745025123046875 0.41980834375 0.749194294921875 0.477587599609375 0.762519375 0.48501220703125 0.763430380859375 0.489398521484375 0.761370451171875
1 0.5082659765625 0.769661208984375 0.54609936328125 0.778720220703125 0.569537169921875 0.7806867109375 0.575087462890625 0.7778602578125 0.616655583984375 0.619148404296875 0.614781267578125 0.6154109453125 0.628334087890625 0.579141140625 0.63171703125 0.5557833125 0.655281501953125 0.489304537109375 0.657720833984375 0.469468314453125 0.674252193359375 0.411349943359375 0.720891158203125 0.276643484375 0.713565021484375 0.268209974609375 0.672607771484375 0.252921861328125 0.64675644140625 0.249230255859375 0.6344063125 0.252391525390625 0.63050997265625 0.256200361328125 0.578305427734375 0.443875369140625 0.573574466796875 0.472264060546875 0.5524727578125 0.53670669921875 0.5278403984375 0.635790923828125 0.500892986328125 0.72562752734375 0.50222809765625 0.73137733203125 0.494814009765625 0.75904708203125 0.495793951171875 0.76254489453125 0.5082659765625 0.769661208984375
1 0.1406646328125 0.6819468515625 0.145859755859375 0.676868404296875 0.22506094921875 0.395595541015625 0.286224537109375 0.1601749140625 0.282206298828125 0.153706166015625 0.2745613203125 0.15004008203125 0.204934814453125 0.1308445078125 0.199923728515625 0.1316586171875 0.196836197265625 0.132448935546875 0.057806525390625 0.654892232421875 0.060170814453125 0.66037859765625 0.0694697421875 0.665027064453125 0.127604166015625 0.68060413671875 0.1406646328125 0.6819468515625
1 0.119748748046875 0.105322939453125 0.1171511875 0.107862162109375 0.1107299453125 0.128249056640625 0.117786482421875 0.137688740234375 0.12646063671875 0.141091384765625 0.137830822265625 0.134432302734375 0.125470171875 0.10901281640625 0.119748748046875 0.105322939453125
1 0 0.65053723828125 0.04031051171875 0.659370697265625 0.0528810078125 0.6589645078125 0.056152576171875 0.6539098515625 0.094620263671875 0.506768984375 0.11976601953125 0.42723375390625 0.193470029296875 0.1342791328125 0.200377369140625 0.12638810546875 0.190637705078125 0.116229482421875 0.180579203125 0.11083828515625 0.113011052734375 0.091115833984375 0.09293037890625 0.087352853515625 0 0.434173751953125 0 0.65053723828125
1 0.6165968203125 0.78035535546875 0.688298359375 0.523494076171875 0.755009857421875 0.32460841796875 0.760267119140625 0.30498805078125 0.752756943359375 0.30081887890625 0.72158859375 0.29192813671875 0.71581793359375 0.291999513671875 0.69600176171875 0.35879946875 0.6684557265625 0.43298265625 0.60340869921875 0.66143144921875 0.578776337890625 0.760515673828125 0.577011015625 0.77783646484375 0.588098693359375 0.7829642265625 0.61023771875 0.786200326171875 0.6165968203125 0.78035535546875
1 0.675576384765625 0.799933326171875 0.69440751171875 0.801204666015625 0.70211462890625 0.790328830078125 0.730422962890625 0.684680693359375 0.83432679296875 0.357723865234375 0.835319640625 0.350441009765625 0.823741990234375 0.34356434375 0.779562408203125 0.329569634765625 0.757423380859375 0.326333533203125 0.7539314453125 0.328633109375 0.6831266640625 0.546372611328125 0.661828013671875 0.625860255859375 0.648140392578125 0.66263314453125 0.61865517578125 0.7798284765625 0.619500314453125 0.783829375 0.626116115234375 0.7877588984375 0.675576384765625 0.799933326171875
1 0.838897142578125 0.351399599609375 0.82583429296875 0.389418306640625 0.824338572265625 0.40573292578125 0.817391029296875 0.417351498046875 0.773435189453125 0.5527768984375 0.70031297265625 0.800630205078125 0.715320419921875 0.81974921484375 0.743743501953125 0.842462935546875 0.79857002734375 0.856075244140625 0.80510026171875 0.856746603515625 0.81051575 0.854423234375 0.820159326171875 0.8327429375 0.846787900390625 0.7476737578125 0.8539452890625 0.71022951171875 0.97479540625 0.352225810546875 0.99816531640625 0.2614306171875 0.95170701171875 0.24520770703125 0.936502623046875 0.241133703125 0.925990482421875 0.241013015625 0.894085984375 0.249179626953125 0.766761021484375 0.298639990234375 0.76173703125 0.31023476953125 0.76435801953125 0.3254956328125 0.78291954296875 0.32777314453125 0.8181553671875 0.339371380859375 0.8359936484375 0.347925578125 0.838897142578125 0.351399599609375
3 0.366218458984375 0.74885429296875 0.375750658203125 0.745477169921875 0.521064384765625 0.242511490234375 0.549421953125 0.133102099609375 0.5467880625 0.12862190625 0.527161029296875 0.119588416015625 0.50328248828125 0.112111765625 0.480653490234375 0.1071267578125 0.47344925 0.108970830078125 0.44956594140625 0.18021703125 0.383023193359375 0.4249804453125 0.29525683984375 0.723908916015625 0.295967177734375 0.728412900390625 0.30155380078125 0.73260586328125 0.329769421875 0.741783833984375 0.366218458984375 0.74885429296875