1 0.358333333984375 0.751041666015625 0.365740740234375 0.386458333984375 0.367592591796875 0.1890625 0.365740740234375 0.161458333984375 0.359259259765625 0.156770833984375 0.281481482421875 0.155208333984375 0.27407407421875 0.159375 0.271296296875 0.21875 0.2731481484375 0.30625 0.268518517578125 0.3765625 0.266666666015625 0.734895833984375 0.27037037109375 0.763020833984375 0.27777777734375 0.766145833984375 0.3518518515625 0.765104166015625 0.356481482421875 0.7625 0.358333333984375 0.751041666015625
1 0.263888888671875 0.755208333984375 0.266666666015625 0.302083333984375 0.263888888671875 0.280729166015625 0.265740740234375 0.214583333984375 0.258333333984375 0.2078125 0.2231481484375 0.205729166015625 0.212037037109375 0.20625 0.208333333984375 0.208854166015625 0.207407408203125 0.271875 0.210185185546875 0.293229166015625 0.20462962890625 0.731770833984375 0.209259259765625 0.76875 0.243518517578125 0.769270833984375 0.262962962890625 0.765104166015625 0.263888888671875 0.755208333984375
1 0.557407408203125 0.755208333984375 0.558333333984375 0.734895833984375 0.562037037109375 0.2515625 0.561111111328125 0.216666666015625 0.556481482421875 0.213541666015625 0.488888888671875 0.211458333984375 0.4731481484375 0.216666666015625 0.465740740234375 0.2234375 0.459259259765625 0.2390625 0.457407408203125 0.320833333984375 0.465740740234375 0.338541666015625 0.4555555546875 0.348958333984375 0.457407408203125 0.382291666015625 0.45277777734375 0.4140625 0.45 0.706770833984375 0.478703703125 0.759375 0.487037037109375 0.761458333984375 0.546296296875 0.759375 0.553703703125 0.758333333984375 0.557407408203125 0.755208333984375
1 0.57777777734375 0.758333333984375 0.616666666015625 0.757291666015625 0.639814814453125 0.753125 0.6444444453125 0.748958333984375 0.643518517578125 0.584895833984375 0.640740740234375 0.581770833984375 0.6444444453125 0.543229166015625 0.641666666015625 0.519791666015625 0.64722222265625 0.449479166015625 0.6444444453125 0.4296875 0.64537037109375 0.369270833984375 0.6555555546875 0.227083333984375 0.646296296875 0.220833333984375 0.60277777734375 0.216666666015625 0.5768518515625 0.219791666015625 0.565740740234375 0.226041666015625 0.562962962890625 0.230729166015625 0.561111111328125 0.425520833984375 0.563888888671875 0.454166666015625 0.560185185546875 0.521875 0.562037037109375 0.623958333984375 0.559259259765625 0.717708333984375 0.562037037109375 0.722916666015625 0.562037037109375 0.7515625 0.563888888671875 0.7546875 0.57777777734375 0.758333333984375
1 0.2 0.76875 0.203703703125 0.7625 0.207407408203125 0.4703125 0.2055555546875 0.227083333984375 0.2 0.221875 0.191666666015625 0.2203125 0.1194444453125 0.219791666015625 0.114814814453125 0.221875 0.112037037109375 0.2234375 0.112962962890625 0.7640625 0.116666666015625 0.76875 0.1268518515625 0.770833333984375 0.187037037109375 0.770833333984375 0.2 0.76875
1 0.0305555546875 0.2171875 0.028703703125 0.2203125 0.02777777734375 0.241666666015625 0.037037037109375 0.248958333984375 0.046296296875 0.25 0.0555555546875 0.240625 0.037037037109375 0.219270833984375 0.0305555546875 0.2171875
1 0 0.773958333984375 0.040740740234375 0.775520833984375 0.09722222265625 0.772916666015625 0.109259259765625 0.769270833984375 0.111111111328125 0.763541666015625 0.110185185546875 0.611458333984375 0.113888888671875 0.528125 0.109259259765625 0.2260765625 0.113888888671875 0.216666666015625 0.1018518515625 0.209375 0.090740740234375 0.206770833984375 0.02037037109375 0.205208333984375 0 0.206770833984375 0 0.773958333984375
1 0.685185185546875 0.740625 0.687962962890625 0.473958333984375 0.70092592578125 0.264583333984375 0.70092592578125 0.244270833984375 0.692592591796875 0.2421875 0.660185185546875 0.241666666015625 0.65462962890625 0.243229166015625 0.65277777734375 0.312881771484375 0.64537037109375 0.391666666015625 0.641666666015625 0.629166666015625 0.643518517578125 0.73125 0.646296296875 0.7484375 0.658333333984375 0.750520833984375 0.6805555546875 0.747916666015625 0.685185185546875 0.740625
1 0.74722222265625 0.744270833984375 0.765740740234375 0.740625 0.77037037109375 0.728125 0.77037037109375 0.61875 0.786111111328125 0.276041666015625 0.785185185546875 0.26875 0.77222222265625 0.265104166015625 0.72592592578125 0.263020833984375 0.703703703125 0.265625 0.70092592578125 0.26875 0.688888888671875 0.497395833984375 0.688888888671875 0.5796875 0.685185185546875 0.61875 0.687037037109375 0.739583333984375 0.688888888671875 0.743229166015625 0.696296296875 0.7453125 0.74722222265625 0.744270833984375
1 0.788888888671875 0.26875 0.786111111328125 0.308854166015625 0.788888888671875 0.325 0.785185185546875 0.338020833984375 0.77777777734375 0.480208333984375 0.771296296875 0.738541666015625 0.790740740234375 0.753125 0.82407407421875 0.767708333984375 0.8805555546875 0.766666666015625 0.887037037109375 0.765625 0.891666666015625 0.761979166015625 0.89537037109375 0.738541666015625 0.89907407421875 0.649479166015625 0.896296296875 0.611458333984375 0.92037037109375 0.234375 0.9194444453125 0.140625 0.87037037109375 0.136979166015625 0.85462962890625 0.136979166015625 0.8444444453125 0.139583333984375 0.815740740234375 0.155729166015625 0.7055555546875 0.236458333984375 0.703703703125 0.248958333984375 0.710185185546875 0.263020833984375 0.728703703125 0.260416666015625 0.765740740234375 0.2625 0.785185185546875 0.266145833984375 0.788888888671875 0.26875
3 0.435185185546875 0.775 0.443518517578125 0.769270833984375 0.453703703125 0.245833333984375 0.45277777734375 0.1328125 0.44907407421875 0.129166666015625 0.42777777734375 0.125520833984375 0.40277777734375 0.124479166015625 0.37962962890625 0.125520833984375 0.3731481484375 0.129166666015625 0.368518517578125 0.204166666015625 0.367592591796875 0.4578125 0.360185185546875 0.769270833984375 0.362037037109375 0.7734375 0.368518517578125 0.776041666015625 0.3981481484375 0.777604166015625 0.435185185546875 0.775