1 0.766833685546875 0.312678826171875 0.776892185546875 0.3180700234375 0.731990353515625 0.496378455078125 0.732099345703125 0.51743670703125 0.7287422109375 0.5192331953125 0.726168076171875 0.539572505859375 0.719306099609375 0.5544492421875 0.710531091796875 0.5979305234375 0.714279728515625 0.605405443359375 0.71002821484375 0.606962287109375 0.70256489453125 0.6383932890625 0.704794380859375 0.6443827421875 0.690321376953125 0.701974236328125 0.688943203125 0.732160162109375 0.680872359375 0.747970951171875 0.677318283203125 0.764812447265625 0.6795348671875 0.7815825703125 0.67092046875 0.802999427734375 0.666634931640625 0.840458294921875 0.654350396484375 0.893459806640625 0.65459419140625 0.91401497265625 0.659556041015625 0.916962115234375 0.679367109375 0.92173126953125 0.72990579296875 0.92988100390625 0.736264892578125 0.92403603125 0.75771125 0.833264630859375 0.75583693359375 0.829527169921875 0.7597332734375 0.8257183359375 0.7921865078125 0.658093677734375 0.8425062109375 0.438100455078125 0.84647759765625 0.408969029296875 0.857347291015625 0.37198028515625 0.8582674765625 0.350658595703125 0.8721520390625 0.29884069921875 0.795958966796875 0.271954349609375 0.774395478515625 0.273725318359375 0.74929081640625 0.2815571171875 0.743789759765625 0.2806223203125 0.72718812109375 0.285340431640625 0.720878255859375 0.28742415234375 0.722703337890625 0.294922865234375 0.730532353515625 0.294324611328125 0.742784009765625 0.298685845703125 0.754815298828125 0.300292001953125 0.766833685546875 0.312678826171875
1 0.679346462890625 0.453155423828125 0.676857892578125 0.4767528984375 0.64799744921875 0.59519405078125 0.64340129296875 0.62307965625 0.64445389453125 0.640616302734375 0.6365627421875 0.655756478515625 0.6240132890625 0.7133241796875 0.62290906640625 0.738910208984375 0.6118682421875 0.76938262109375 0.584024072265625 0.89834100390625 0.585763587890625 0.902581548828125 0.593138962890625 0.90725380859375 0.60999730078125 0.91231019140625 0.6376373828125 0.916481091796875 0.64654480859375 0.9118581484375 0.724760302734375 0.519783865234375 0.769859076171875 0.326430427734375 0.768928369140625 0.31917136328125 0.762582171875 0.31423566796875 0.725018390625 0.304170482421875 0.708331185546875 0.3056304296875 0.706628 0.30840930078125 0.712924962890625 0.317106248046875 0.712775130859375 0.3248204296875 0.689101412109375 0.413171953125 0.689884412109375 0.4317147734375 0.679346462890625 0.453155423828125
1 0.504632091796875 0.89054814453125 0.570865134765625 0.90452079296875 0.57945372265625 0.904665271484375 0.581916482421875 0.902629134765625 0.679126095703125 0.45040034375 0.7119813515625 0.320627853515625 0.707203537109375 0.313416373046875 0.7019720859375 0.31147540234375 0.6858733203125 0.307161751953125 0.676390357421875 0.306777625 0.64142413671875 0.294173216796875 0.621833435546875 0.292159142578125 0.6018569921875 0.38817726171875 0.58618367578125 0.43951586328125 0.53882960546875 0.648441185546875 0.48912176953125 0.8804608984375 0.491620859375 0.885444177734375 0.504632091796875 0.89054814453125
1 0.353262220703125 0.8472926796875 0.351595365234375 0.85709096875 0.354498859375 0.86056498828125 0.3847728359375 0.86921608203125 0.46634506640625 0.886759642578125 0.477751583984375 0.887119978515625 0.485764634765625 0.88225738671875 0.577164875 0.46244198046875 0.598144685546875 0.387721759765625 0.62117233203125 0.283893904296875 0.620511228515625 0.27562866796875 0.61327065625 0.27045332421875 0.512880203125 0.24085775 0.50187808984375 0.23898815625 0.4986557578125 0.24028155859375 0.451669759765625 0.44067820703125 0.446975130859375 0.476086314453125 0.44226998046875 0.48291366796875 0.36396078125 0.80378760546875 0.36443784765625 0.8163171796875 0.353262220703125 0.8472926796875
1 0.4135997265625 0.29297975390625 0.415056734375 0.309007140625 0.39249563671875 0.39678381640625 0.385276107421875 0.448769984375 0.36523990625 0.5199686015625 0.353499263671875 0.57451778515625 0.35496917578125 0.57976450390625 0.342984740234375 0.613758521484375 0.339965560546875 0.642913771484375 0.329442443359375 0.678609078125 0.33152422265625 0.695882287109375 0.3227879296875 0.707021564453125 0.31505500390625 0.73945873828125 0.316524916015625 0.74470545703125 0.31316778125 0.746501947265625 0.3132896796875 0.756779529296875 0.309123734375 0.7615945390625 0.307223607421875 0.779418416015625 0.295729142578125 0.81516133984375 0.294318986328125 0.834734125 0.300162306640625 0.848701583984375 0.31044117578125 0.85684786328125 0.326539939453125 0.861161513671875 0.346265443359375 0.8626725 0.362612765625 0.808818466796875 0.4704693203125 0.356207279296875 0.50637816015625 0.17926362890625 0.4973488359375 0.173608990234375 0.48241405078125 0.168528814453125 0.4655064765625 0.167233681640625 0.44276610546875 0.180551845703125 0.42046646875 0.199380169921875 0.4198393125 0.2374957734375 0.416653310546875 0.24580859375 0.410747849609375 0.246383056640625 0.40328452734375 0.277814056640625 0.403186056640625 0.2853365625 0.4135997265625 0.29297975390625
1 0.187984359375 0.838055021484375 0.2039483203125 0.8428717578125 0.2524778828125 0.84778712109375 0.262769658203125 0.845152728515625 0.3754169296875 0.388972353515625 0.402047888671875 0.264541748046875 0.4163731875 0.21823401171875 0.4127593515625 0.210256005859375 0.398768177734375 0.201654224609375 0.354993 0.186150255859375 0.34309651171875 0.184041013671875 0.33128558984375 0.185189939453125 0.260058734375 0.493942216796875 0.209152970703125 0.680347611328125 0.176689216796875 0.819391513671875 0.175426767578125 0.82768054296875 0.178820232421875 0.832903470703125 0.187984359375 0.838055021484375
1 0.117854974609375 0.8278912109375 0.13305936328125 0.83196521484375 0.153899607421875 0.8364709296875 0.16736448046875 0.83630438671875 0.170991216796875 0.83350172265625 0.176261384765625 0.803100685546875 0.181676875 0.800777318359375 0.205904828125 0.70320235546875 0.20646984375 0.679628669921875 0.270770201171875 0.43965647265625 0.322303119140625 0.21513547265625 0.327181787109375 0.175463025390625 0.291321189453125 0.16261896875 0.27915509765625 0.161515900390625 0.154510484375 0.662470962890625 0.1466298515625 0.70619189453125 0.142463908203125 0.71100690234375 0.11523398828125 0.812630349609375 0.115576251953125 0.825663009765625 0.117854974609375 0.8278912109375
1 0.012025603515625 0.782818919921875 0.00616699609375 0.8189935546875 0.0099156328125 0.826468474609375 0.0172910078125 0.831140732421875 0.09582494140625 0.845713359375 0.10611671484375 0.843078970703125 0.217524962890625 0.412987708984375 0.30693712890625 0.047099439453125 0.303543662109375 0.041876513671875 0.29169641015625 0.036006017578125 0.24282458203125 0.018057994140625 0.229274142578125 0.014966373046875 0.2184431640625 0.019613107421875 0.207770412109375 0.041556845703125 0.19946194921875 0.06898694921875 0.201642201171875 0.07873765234375 0.1832857578125 0.1293573125 0.1791795703125 0.15899182421875 0.167244369140625 0.18922458984375 0.012025603515625 0.782818919921875
1 0.126746423828125 0 0.11740212890625 0.010333052734375 0.108100818359375 0.045046013671875 0.10767060546875 0.068116611328125 0.066057931640625 0.234149734375 0 0.463611296875 0 0.820138921875 0.000126734375 0.820071103515625 0.10491680078125 0.425411744140625 0.1693414375 0.156355705078125 0.207796220703125 0.019995505859375 0.20642477734375 0.00722628515625 0.198289830078125 0.00181129296875 0.193175677734375 0 0.126746423828125 0
3 0.7966220546875 0.65227249609375 0.765848580078125 0.7993181953125 0.756741830078125 0.858347572265625 0.739437990234375 0.92650387890625 0.74560015234375 0.9357039140625 0.76870621484375 0.953218498046875 0.796787033203125 0.962899556640625 0.84271903515625 0.970354142578125 0.85059728515625 0.96599463671875 0.916753296875 0.63323696484375 0.970982248046875 0.398654236328125 0.989439544921875 0.3011506484375 0.983497751953125 0.294705693359375 0.965389869140625 0.287157669921875 0.92796088671875 0.276589396484375 0.867558263671875 0.28736487890625 0.863931525390625 0.29016754296875 0.87421039453125 0.2983138203125 0.8751903359375 0.3018116328125 0.826537484375 0.512006568359375 0.8077613515625 0.614277580078125 0.7966220546875 0.65227249609375
1 1 0.389995310546875 0.97797902734375 0.3832744140625 0.956999212890625 0.45799463671875 0.91166063671875 0.680863060546875 0.891861857421875 0.761908115234375 0.855989349609375 0.945871181640625 0.8551313046875 0.952650953125 0.862641478515625 0.956820123046875 0.892964689453125 0.96170996484375 1 0.562248748046875 1 0.389995310546875