1 0.662037037109375 0.244270833984375 0.6694444453125 0.241666666015625 0.682407408203125 0.242708333984375 0.6944444453125 0.241145833984375 0.709259259765625 0.25 0.72037037109375 0.252604166015625 0.7231481484375 0.436458333984375 0.728703703125 0.456770833984375 0.72592592578125 0.459375 0.728703703125 0.4796875 0.72592592578125 0.495833333984375 0.728703703125 0.540104166015625 0.734259259765625 0.546354166015625 0.7305555546875 0.548958333984375 0.731481482421875 0.58125 0.735185185546875 0.586458333984375 0.736111111328125 0.645833333984375 0.742592591796875 0.675347396484375 0.738888888671875 0.692708333984375 0.739814814453125 0.709895833984375 0.746296296875 0.725520833984375 0.743518517578125 0.7484375 0.74907407421875 0.785729166015625 0.75092592578125 0.840104166015625 0.756481482421875 0.859895833984375 0.762037037109375 0.861458333984375 0.782407408203125 0.8609375 0.833333333984375 0.855729166015625 0.837962962890625 0.8484375 0.835185185546875 0.755208333984375 0.832407408203125 0.752083333984375 0.835185185546875 0.747395833984375 0.8231481484375 0.577083333984375 0.814814814453125 0.3515625 0.811111111328125 0.322395833984375 0.812037037109375 0.283854166015625 0.807407408203125 0.263020833984375 0.807407408203125 0.209375 0.7268518515625 0.203125 0.706481482421875 0.210416666015625 0.684259259765625 0.224479166015625 0.678703703125 0.225 0.663888888671875 0.233854166015625 0.658333333984375 0.2375 0.662037037109375 0.244270833984375
1 0.658333333984375 0.268229166015625 0.660185185546875 0.275719271484375 0.660185185546875 0.3671875 0.665740740234375 0.384895833984375 0.661111111328125 0.408333333984375 0.664814814453125 0.431770833984375 0.667592591796875 0.553645833984375 0.67037037109375 0.581770833984375 0.67592592578125 0.5984375 0.67222222265625 0.615104166015625 0.675 0.673958333984375 0.6805555546875 0.698958333984375 0.67777777734375 0.73125 0.684259259765625 0.863020833984375 0.687037037109375 0.866666666015625 0.69537037109375 0.869270833984375 0.712962962890625 0.869791666015625 0.740740740234375 0.866666666015625 0.7481481484375 0.859895833984375 0.72222222265625 0.4609375 0.715740740234375 0.2625 0.712962962890625 0.255729166015625 0.7055555546875 0.252604166015625 0.666666666015625 0.252604166015625 0.65092592578125 0.258333333984375 0.65 0.261458333984375 0.658333333984375 0.268229166015625
1 0.567592591796875 0.419270833984375 0.57592592578125 0.633333333984375 0.587962962890625 0.8703125 0.591666666015625 0.874479166015625 0.6055555546875 0.876041666015625 0.6731481484375 0.872395833984375 0.681481482421875 0.8703125 0.683333333984375 0.867708333984375 0.660185185546875 0.405729166015625 0.658333333984375 0.271875 0.6518518515625 0.266145833984375 0.646296296875 0.265625 0.62962962890625 0.265625 0.62037037109375 0.267708333984375 0.583333333984375 0.264583333984375 0.563888888671875 0.267708333984375 0.5694444453125 0.365625 0.567592591796875 0.419270833984375
1 0.442592591796875 0.490625 0.439814814453125 0.4984375 0.44722222265625 0.828645833984375 0.45092592578125 0.840625 0.4481481484375 0.8734375 0.44907407421875 0.883333333984375 0.45277777734375 0.8859375 0.484259259765625 0.886458333984375 0.567592591796875 0.882291666015625 0.578703703125 0.8796875 0.585185185546875 0.872916666015625 0.564814814453125 0.44375 0.565740740234375 0.366145833984375 0.561111111328125 0.259895833984375 0.558333333984375 0.252083333984375 0.55 0.248958333984375 0.44537037109375 0.246354166015625 0.434259259765625 0.247395833984375 0.431481482421875 0.249479166015625 0.437962962890625 0.455208333984375 0.442592591796875 0.490625
1 0.353703703125 0.276041666015625 0.3481481484375 0.278125 0.34907407421875 0.310416666015625 0.35092592578125 0.317708333984375 0.362962962890625 0.322395833984375 0.368518517578125 0.3375 0.3694444453125 0.428125 0.37592592578125 0.480208333984375 0.375 0.554166666015625 0.37777777734375 0.609895833984375 0.3805555546875 0.614583333984375 0.37777777734375 0.650520833984375 0.382407408203125 0.6794640625 0.381481482421875 0.716666666015625 0.387962962890625 0.7328125 0.382407408203125 0.745833333984375 0.383333333984375 0.779166666015625 0.386111111328125 0.783854166015625 0.383333333984375 0.786458333984375 0.386111111328125 0.796354166015625 0.383333333984375 0.802083333984375 0.386111111328125 0.819791666015625 0.384259259765625 0.857291666015625 0.387962962890625 0.8765625 0.39722222265625 0.888541666015625 0.409259259765625 0.89375 0.42592592578125 0.89375 0.44537037109375 0.890104166015625 0.44722222265625 0.833854166015625 0.434259259765625 0.36875 0.4231481484375 0.188541666015625 0.412962962890625 0.185416666015625 0.39722222265625 0.184375 0.3805555546875 0.1875 0.362037037109375 0.20625 0.34537037109375 0.230208333984375 0.35462962890625 0.2671875 0.353703703125 0.276041666015625
1 0.265740740234375 0.749479166015625 0.27037037109375 0.8921875 0.271296296875 0.900520833984375 0.27592592578125 0.9046875 0.286111111328125 0.907291666015625 0.30277777734375 0.9078125 0.35092592578125 0.9 0.360185185546875 0.894791666015625 0.35092592578125 0.425 0.3444444453125 0.297916666015625 0.346296296875 0.249479166015625 0.340740740234375 0.242708333984375 0.325 0.238020833984375 0.278703703125 0.234375 0.266666666015625 0.235416666015625 0.2555555546875 0.239583333984375 0.266666666015625 0.55625 0.265740740234375 0.749479166015625
1 0.212037037109375 0.790625 0.209259259765625 0.796354166015625 0.209259259765625 0.9015625 0.212962962890625 0.9140625 0.215740740234375 0.915625 0.231481482421875 0.915625 0.25277777734375 0.914583333984375 0.265740740234375 0.9109375 0.268518517578125 0.907291666015625 0.265740740234375 0.8765625 0.27037037109375 0.872916666015625 0.268518517578125 0.772395833984375 0.262962962890625 0.749479166015625 0.262962962890625 0.501041666015625 0.25462962890625 0.270833333984375 0.24907407421875 0.23125 0.211111111328125 0.228125 0.19907407421875 0.230208333984375 0.208333333984375 0.746354166015625 0.212037037109375 0.790625
1 0.10277777734375 0.1703125 0.0981481484375 0.223958333984375 0.1018518515625 0.253645833984375 0.0981481484375 0.2859375 0.1018518515625 0.899479166015625 0.1055555546875 0.9359375 0.111111111328125 0.9421875 0.1194444453125 0.944791666015625 0.19907407421875 0.938541666015625 0.208333333984375 0.933333333984375 0.20462962890625 0.4890625 0.196296296875 0.1125 0.191666666015625 0.108333333984375 0.178703703125 0.105729166015625 0.1268518515625 0.101041666015625 0.112962962890625 0.1015625 0.103703703125 0.108854166015625 0.09907407421875 0.1328125 0.0981481484375 0.161458333984375 0.10277777734375 0.1703125
1 0.009259259765625 0.184375 0.012037037109375 0.355520833984375 0.006481482421875 0.655729166015625 0.009259259765625 0.661979166015625 0.0055555546875 0.671354166015625 0.012962962890625 0.6890625 0.010185185546875 0.708333333984375 0.012962962890625 0.844270833984375 0.009259259765625 0.863541666015625 0.010185185546875 0.908854166015625 0.012962962890625 0.930729166015625 0.018518517578125 0.942708333984375 0.028703703125 0.9515625 0.038888888671875 0.9515625 0.091666666015625 0.946354166015625 0.1 0.938541666015625 0.09907407421875 0.530208333984375 0.091666666015625 0.253645833984375 0.093518517578125 0.111979166015625 0.088888888671875 0.1 0.07962962890625 0.096875 0.033333333984375 0.093229166015625 0.0194444453125 0.0953125 0.003703703125 0.126041666015625 0.003703703125 0.161979166015625 0.009259259765625 0.184375
3 0.809259259765625 0.208333333984375 0.811111111328125 0.211458333984375 0.818518517578125 0.427083333984375 0.8268518515625 0.530729166015625 0.82592592578125 0.5703125 0.834259259765625 0.7203125 0.840740740234375 0.7796875 0.841666666015625 0.85 0.85 0.857291666015625 0.8768518515625 0.868229166015625 0.906481482421875 0.8703125 0.95277777734375 0.865625 0.959259259765625 0.859375 0.937037037109375 0.520833333984375 0.928703703125 0.280208333984375 0.921296296875 0.18125 0.913888888671875 0.1765625 0.8944444453125 0.173958333984375 0.8555555546875 0.1734375 0.8 0.199479166015625 0.79722222265625 0.203125 0.809259259765625 0.208333333984375
1 0.9444444453125 0.5681546875 0.946296296875 0.6515625 0.959259259765625 0.838541666015625 0.960185185546875 0.8453125 0.968518517578125 0.847395833984375 0.99907407421875 0.844270833984375 0.99907407421875 0.327604166015625 0.99537037109375 0.275 0.991666666015625 0.26875 0.9768518515625 0.265104166015625 0.931481482421875 0.263541666015625 0.9305555546875 0.341145833984375 0.9444444453125 0.5681546875