1 0.69588848828125 0.23939083203125 0.7071206640625 0.241409919921875 0.719516818359375 0.424866744140625 0.72612783203125 0.444860650390625 0.723490154296875 0.447606625 0.72732719921875 0.46774591015625 0.725398236328125 0.484014994140625 0.730489162109375 0.52807977734375 0.736364205078125 0.53403045703125 0.7328018671875 0.536824892578125 0.735416541015625 0.569023845703125 0.739387751953125 0.574031205078125 0.74341985546875 0.633276373046875 0.7514371015625 0.6624107734375 0.74864707421875 0.679941755859375 0.750471255859375 0.6970572421875 0.75776160546875 0.71232161328125 0.756186998046875 0.73535225 0.76368663671875 0.7723020546875 0.768381716796875 0.8265056171875 0.7749654765625 0.84597940625 0.78059519140625 0.847249009765625 0.800910388671875 0.84566278515625 0.8514939375 0.83779633203125 0.85573560546875 0.83027236328125 0.8480823984375 0.737316341796875 0.845144876953125 0.73434100390625 0.8476735234375 0.729514548828125 0.826739515625 0.56006542578125 0.80661475390625 0.335289794921875 0.80138966015625 0.3063569375 0.800297203125 0.26781962890625 0.7945835859375 0.24725714453125 0.79177598046875 0.193684830078125 0.71100372265625 0.19165934765625 0.69104288671875 0.200007125 0.669587091796875 0.215213373046875 0.664066408203125 0.216024248046875 0.649735287109375 0.225641626953125 0.644378154296875 0.229573220703125 0.648431140625 0.236140939453125 0.65569210546875 0.233152666015625 0.6686918203125 0.2335144765625 0.6806305859375 0.2313241484375 0.69588848828125 0.23939083203125
1 0.6560928515625 0.400027056640625 0.661018103515625 0.423238599609375 0.670170517578125 0.5448011953125 0.674416439453125 0.5727422734375 0.680836646484375 0.58909534375 0.67801028515625 0.605933005859375 0.6838644453125 0.664561138671875 0.69072078515625 0.68923612109375 0.689636828125 0.72162891015625 0.70300578125 0.85287994140625 0.705970560546875 0.856375400390625 0.714428765625 0.858539865234375 0.732024505859375 0.858139259765625 0.7596006640625 0.853564765625 0.7666435625 0.8464155390625 0.71987330078125 0.4493608203125 0.70301528515625 0.25153448828125 0.69988695703125 0.244918310546875 0.692326150390625 0.242185267578125 0.653490556640625 0.2442205546875 0.63807123046875 0.250765677734375 0.637310123046875 0.253934853515625 0.64598639453125 0.2602602734375 0.6482277109375 0.2676431953125 0.6530147890625 0.3589860703125 0.65948951171875 0.376379380859375 0.6560928515625 0.400027056640625
1 0.62509139453125 0.870001962890625 0.692400546875 0.86282360546875 0.700613427734375 0.8603069921875 0.70232644921875 0.8576094765625 0.65503190234375 0.397474916015625 0.646177203125 0.263901111328125 0.63940476171875 0.25851901171875 0.6338295625 0.258289646484375 0.617185736328125 0.259161912109375 0.608048201171875 0.261726982421875 0.570898373046875 0.260544634765625 0.551644125 0.26468299609375 0.562316630859375 0.36217471484375 0.563274919921875 0.415843947265625 0.5828 0.62917694921875 0.607223072265625 0.865201373046875 0.611139765625 0.8691684921875 0.62509139453125 0.870001962890625
1 0.46776341796875 0.87563943359375 0.469205982421875 0.88547324609375 0.47304090234375 0.887880005859375 0.504506498046875 0.886752513671875 0.58750755859375 0.8782302265625 0.598467150390625 0.8750481171875 0.604585392578125 0.86794734765625 0.56178208984375 0.440434943359375 0.558645259765625 0.362888671875 0.548461279296875 0.257026580078125 0.54527843359375 0.2493701640625 0.536792970703125 0.246685580078125 0.43217044140625 0.249560873046875 0.42112907421875 0.251182623046875 0.41846413671875 0.253408478515625 0.435703767578125 0.458516486328125 0.4421806171875 0.4936423203125 0.439815521484375 0.501589490234375 0.464494546875 0.830957611328125 0.468820115234375 0.8427265234375 0.46776341796875 0.87563943359375
1 0.35385568359375 0.32981119921875 0.360194115234375 0.34460391015625 0.365861720703125 0.435056251953125 0.3750601484375 0.4867289921875 0.378006171875 0.560634427734375 0.38369678125 0.616141841796875 0.386716078125 0.620677541015625 0.3858229296875 0.65671116796875 0.39196098828125 0.68537243359375 0.392983365234375 0.72257251171875 0.400300970703125 0.73835700390625 0.39543448828125 0.751650748046875 0.39810367578125 0.784889939453125 0.401122970703125 0.78942563671875 0.39848529296875 0.792171615234375 0.401777169921875 0.801908505859375 0.399303041015625 0.807775201171875 0.403003794921875 0.82531388671875 0.403117080078125 0.862859412109375 0.407824263671875 0.88191 0.417697775390625 0.89338815625 0.429990900390625 0.8979593828125 0.446634724609375 0.8970871171875 0.465861712890625 0.892428634765625 0.46476712890625 0.836158806640625 0.42748026171875 0.372370478515625 0.406953001953125 0.192990623046875 0.396618224609375 0.190402958984375 0.3808445390625 0.190186525390625 0.364364263671875 0.194179509765625 0.346852423828125 0.213872998046875 0.33146248046875 0.238670763671875 0.342644388671875 0.275114658203125 0.342183123046875 0.284005150390625 0.336744216796875 0.286376384765625 0.339358888671875 0.3185753359375 0.341589818359375 0.325760091796875 0.35385568359375 0.32981119921875
1 0.30772023828125 0.91792756640625 0.3243913203125 0.917575419921875 0.372064609375 0.907253748046875 0.381038595703125 0.901567958984375 0.347205029296875 0.43290471875 0.334081404296875 0.306334763671875 0.3333956953125 0.2578667265625 0.32749339453125 0.2513959296875 0.311528900390625 0.24753866015625 0.265105244140625 0.246320783203125 0.25313921875 0.2479909921875 0.24226140234375 0.252733458984375 0.269930337890625 0.568384634765625 0.279118515625 0.7613974453125 0.291210578125 0.90366790625 0.292571369140625 0.911941361328125 0.29741271875 0.915860021484375 0.30772023828125 0.91792756640625
1 0.237882439453125 0.929932380859375 0.253601609375 0.92910857421875 0.274814201171875 0.9269537734375 0.287568591796875 0.922634505859375 0.29015175390625 0.918848291015625 0.28576954296875 0.8883066171875 0.290202021484375 0.884423482421875 0.2830918515625 0.784137330078125 0.276344544921875 0.76154282421875 0.263342330078125 0.513445798828125 0.242972244140625 0.283989091796875 0.235352671875 0.24475076171875 0.197278185546875 0.24361687109375 0.185366677734375 0.2463273203125 0.221626234375 0.76128119921875 0.227641818359375 0.805297525390625 0.225167689453125 0.811164216796875 0.2306738671875 0.9162283671875 0.235026693359375 0.928517400390625 0.237882439453125 0.929932380859375
1 0.123304623046875 0.919769158203125 0.128911333984375 0.955983689453125 0.134786375 0.961934369140625 0.143244580078125 0.964098833984375 0.22243798046875 0.95368990625 0.231411966796875 0.948004119140625 0.204462 0.50453598046875 0.176432330078125 0.1289256796875 0.1715909765625 0.12500701953125 0.15850948828125 0.123084849609375 0.106483373046875 0.121117490234375 0.092640775390625 0.122364498046875 0.083775822265625 0.130130763671875 0.080406419921875 0.15429855859375 0.080980970703125 0.18295359375 0.086067646484375 0.191553330078125 0.08425196875 0.245367939453125 0.089504318359375 0.27482091796875 0.08749570703125 0.307262166015625 0.123304623046875 0.919769158203125
1 0 0.306372318359375 0.005144318359375 0.381256845703125 0.01530806640625 0.6813445078125 0.01840913671875 0.687440564453125 0.015201158203125 0.6969965546875 0.023525197265625 0.7142929453125 0.021759783203125 0.733682748046875 0.031648173828125 0.869288572265625 0.028958103515625 0.888726830078125 0.032254234375 0.933928771484375 0.036173052734375 0.955628416015625 0.042347935546875 0.967300412109375 0.052982552734375 0.975609392578125 0.06315378125 0.97507633984375 0.11558664453125 0.96711296875 0.12349968359375 0.95887504296875 0.10120451171875 0.551149775390625 0.079333091796875 0.27535396875 0.07376814453125 0.13378453125 0.068517919921875 0.122064080078125 0.059107798828125 0.119427955078125 0.01268414453125 0.118210078125 0 0.120797791015625 0 0.306372318359375
3 0.829159126953125 0.553158494140625 0.84533143359375 0.702516791015625 0.85491148046875 0.761471205078125 0.8595160078125 0.831638884765625 0.8682195390625 0.83848442578125 0.895607015625 0.848001619140625 0.925305072265625 0.84853140234375 0.971292595703125 0.841427365234375 0.977438095703125 0.834846716796875 0.93752842578125 0.49793203125 0.916613171875 0.258072931640625 0.90403683984375 0.159637890625 0.8963942578125 0.15534448828125 0.876840169921875 0.15376153515625 0.837977318359375 0.155276703125 0.783860814453125 0.184190232421875 0.78127765234375 0.187976447265625 0.79357077734375 0.192547673828125 0.795583640625 0.19557147265625 0.8142658359375 0.41051329296875 0.82801215234375 0.51358094921875 0.829159126953125 0.553158494140625
1 1 0.5045990078125 0.989367609375 0.30172091015625 0.982915892578125 0.249382671875 0.9788901640625 0.24333507421875 0.96390484375 0.240469583984375 0.91851487890625 0.241283728515625 0.921651708984375 0.318830001953125 0.947402291015625 0.544800859375 0.95361683203125 0.6279974453125 0.976347763671875 0.81404193359375 0.97762677734375 0.820755029296875 0.98605772265625 0.822399375 1 0.82023115625 1 0.5045990078125