1 0.8447265625 0.2470703125 0.310546875 0.494140625
1 0.2705078125 0.3623046875 0.21875 0.369140625
1 0.5537109375 0.8642578125 0.150390625 0.271484375
1 0.072265625 0.478515625 0.14453125 0.453125
1 0.4365234375 0.87890625 0.134765625 0.2421875
1 0.6162109375 0.3251953125 0.19140625 0.44140625
1 0.490234375 0.87890625 0.1171875 0.2421875
0 0.416015625 0.380859375 0.2421875 0.462890625
1 0.1943359375 0.359375 0.2109375 0.494140625
1 0.53515625 0.3505859375 0.232421875 0.462890625
1 0.033203125 0.4638671875 0.06640625 0.310546875
1 0.7353515625 0.2890625 0.142578125 0.310546875
1 0.61328125 0.814453125 0.1484375 0.33984375