1 0.1494140625 0.39453125 0.189453125 0.494140625
1 0.08203125 0.369140625 0.1640625 0.61328125
1 0.59765625 0.8603515625 0.1171875 0.26953125
1 0.2314453125 0.3876953125 0.2109375 0.498046875
1 0.6279296875 0.3095703125 0.185546875 0.5390625
1 0.9091796875 0.2578125 0.177734375 0.515625
1 0.716796875 0.30078125 0.138671875 0.505859375
1 0.3408203125 0.2841796875 0.23828125 0.46875
1 0.6630859375 0.849609375 0.09765625 0.271484375
1 0.4765625 0.8759765625 0.09375 0.248046875
0 0.589793515625 0.570310169921875 0.597937787109375 0.56826069140625 0.60373622265625 0.56230128515625 0.585908193359375 0.4626898203125 0.5285083984375 0.06358523046875 0.52210562109375 0.057024966796875 0.463508884765625 0.058447548828125 0.3911267890625 0.06156276171875 0.384472802734375 0.068151958984375 0.40772916796875 0.21957137890625 0.446426583984375 0.413173431640625 0.44858737109375 0.44596703515625 0.47478854296875 0.583381517578125 0.47903590234375 0.587582708984375 0.589793515625 0.570310169921875