1 0.7470703125 0.2705078125 0.1953125 0.5078125
1 0.748046875 0.830078125 0.130859375 0.294921875
0 0.6318359375 0.2822265625 0.22265625 0.521484375
1 0.845703125 0.2646484375 0.126953125 0.48828125
1 0.224609375 0.330078125 0.228515625 0.580078125
1 0.375 0.3525390625 0.166015625 0.46484375
1 0.125 0.3740234375 0.25 0.529296875
1 0.6904296875 0.8427734375 0.09765625 0.279296875
1 0.4892578125 0.2431640625 0.22265625 0.447265625
1 0.8203125 0.8193359375 0.11328125 0.294921875
1 0.298828125 0.365234375 0.169921875 0.46875