0 0.665740740234375 0.584895833984375 0.666666666015625 0.5953125 0.6731481484375 0.597916666015625 0.762037037109375 0.5890625 0.768518517578125 0.586979166015625 0.77037037109375 0.583333333984375 0.764814814453125 0.509375 0.7518518515625 0.136979166015625 0.74722222265625 0.1328125 0.6444444453125 0.121875 0.637962962890625 0.1234375 0.637962962890625 0.175 0.665740740234375 0.584895833984375
1 0.035185185546875 0.1765625 0.040740740234375 0.184722396484375 0.04907407421875 0.233854166015625 0.05462962890625 0.240104166015625 0.058333333984375 0.278125 0.082407408203125 0.366666666015625 0.10092592578125 0.457291666015625 0.110185185546875 0.482291666015625 0.112037037109375 0.505208333984375 0.1305555546875 0.569270833984375 0.133333333984375 0.5953125 0.143518517578125 0.633854166015625 0.15 0.636979166015625 0.17407407421875 0.638020833984375 0.212037037109375 0.636979166015625 0.281481482421875 0.630729166015625 0.317592591796875 0.621875 0.318518517578125 0.604166666015625 0.29907407421875 0.461458333984375 0.3 0.448958333984375 0.289814814453125 0.4 0.283333333984375 0.39375 0.27407407421875 0.307291666015625 0.2481481484375 0.153645833984375 0.231481482421875 0.14375 0.186111111328125 0.140104166015625 0.05 0.1359375 0.033333333984375 0.140625 0.031481482421875 0.154166666015625 0.035185185546875 0.1765625
1 0 0.671875 0.008333333984375 0.672395833984375 0.092592591796875 0.6609375 0.1194444453125 0.659375 0.136111111328125 0.655729166015625 0.140740740234375 0.6484375 0.140740740234375 0.63125 0.086111111328125 0.4078125 0.062037037109375 0.294270833984375 0.0555555546875 0.279166666015625 0.04907407421875 0.240104166015625 0.041666666015625 0.221875 0.036111111328125 0.185416666015625 0.02777777734375 0.165625 0.0268518515625 0.139583333984375 0.031481482421875 0.136979166015625 0.032407408203125 0.129166666015625 0.017592591796875 0.099479166015625 0.00462962890625 0.083854166015625 0 0.083854166015625 0 0.671875
1 0.2518518515625 0.15625 0.287037037109375 0.384895833984375 0.291666666015625 0.390104166015625 0.309259259765625 0.481770833984375 0.308333333984375 0.527083333984375 0.32037037109375 0.584895833984375 0.32222222265625 0.619791666015625 0.3305555546875 0.630208333984375 0.340740740234375 0.633854166015625 0.35277777734375 0.634375 0.393518517578125 0.629166666015625 0.3981481484375 0.626041666015625 0.3981481484375 0.616145833984375 0.32407407421875 0.097916666015625 0.315740740234375 0.090625 0.253703703125 0.0828125 0.2444444453125 0.091145833984375 0.238888888671875 0.105729166015625 0.237962962890625 0.140625 0.2518518515625 0.15625
1 0.366666666015625 0.4046875 0.396296296875 0.605208333984375 0.40092592578125 0.615104166015625 0.440740740234375 0.609375 0.443518517578125 0.599479166015625 0.392592591796875 0.209375 0.384259259765625 0.175 0.357407408203125 0.1703125 0.337037037109375 0.1703125 0.341666666015625 0.227083333984375 0.366666666015625 0.4046875
1 0.45092592578125 0.609375 0.4944444453125 0.605208333984375 0.50092592578125 0.602083333984375 0.456481482421875 0.1953125 0.45 0.18125 0.39722222265625 0.177604166015625 0.390740740234375 0.179166666015625 0.4444444453125 0.606770833984375 0.45092592578125 0.609375
1 0.47037037109375 0 0.4 0.133333333984375 0.387037037109375 0.1609375 0.390740740234375 0.169791666015625 0.407407408203125 0.170833333984375 0.457407408203125 0.190104166015625 0.50277777734375 0.603125 0.518518517578125 0.613541666015625 0.5444444453125 0.625520833984375 0.5694444453125 0.6265625 0.575 0.623958333984375 0.57592592578125 0.6078125 0.567592591796875 0.4875 0.538888888671875 0.203125 0.537037037109375 0.195833333984375 0.531481482421875 0.192708333984375 0.5305555546875 0.1703125 0.534259259765625 0.165625 0.534259259765625 0.156770833984375 0.52962962890625 0.1453125 0.517592591796875 0 0.47037037109375 0
1 0.535185185546875 0.155729166015625 0.534259259765625 0.183854166015625 0.541666666015625 0.211458333984375 0.540740740234375 0.2453125 0.54722222265625 0.280729166015625 0.54722222265625 0.294270833984375 0.539814814453125 0.3 0.537962962890625 0.307291666015625 0.540740740234375 0.313541666015625 0.55092592578125 0.320833333984375 0.5694444453125 0.51875 0.57407407421875 0.536979166015625 0.57222222265625 0.554166666015625 0.57592592578125 0.603125 0.57777777734375 0.608333333984375 0.584259259765625 0.608333333984375 0.639814814453125 0.602083333984375 0.662962962890625 0.595833333984375 0.65092592578125 0.394791666015625 0.64537037109375 0.352604166015625 0.646296296875 0.3265625 0.637962962890625 0.2765625 0.639814814453125 0.2515625 0.634259259765625 0.164583333984375 0.62962962890625 0.1265625 0.617592591796875 0.119270833984375 0.553703703125 0.1109375 0.5305555546875 0.109895833984375 0.531481482421875 0.143229166015625 0.535185185546875 0.155729166015625
1 0.771296296875 0.580729166015625 0.7731481484375 0.585416666015625 0.7805555546875 0.586458333984375 0.84907407421875 0.578125 0.85277777734375 0.570833333984375 0.84907407421875 0.147916666015625 0.84722222265625 0.144270833984375 0.839814814453125 0.1421875 0.765740740234375 0.135416666015625 0.758333333984375 0.135416666015625 0.7555555546875 0.1375 0.767592591796875 0.5234375 0.771296296875 0.580729166015625
1 0.8555555546875 0.575520833984375 0.8694444453125 0.578125 0.9 0.575 0.903703703125 0.566666666015625 0.908333333984375 0.1578125 0.9018518515625 0.153125 0.886111111328125 0.1515625 0.864814814453125 0.151041666015625 0.853703703125 0.154166666015625 0.85462962890625 0.572395833984375 0.8555555546875 0.575520833984375
1 0.907407408203125 0.563541666015625 0.9231481484375 0.559375 0.92962962890625 0.3146234375 0.934259259765625 0.2515625 0.931481482421875 0.216666666015625 0.928703703125 0.215625 0.911111111328125 0.216145833984375 0.909259259765625 0.228645833984375 0.9055555546875 0.398958333984375 0.90462962890625 0.560416666015625 0.907407408203125 0.563541666015625
1 0.9268518515625 0.560416666015625 0.935185185546875 0.561979166015625 0.959259259765625 0.559895833984375 0.963888888671875 0.5140625 0.963888888671875 0.4265625 0.97407407421875 0.216666666015625 0.968518517578125 0.213020833984375 0.953703703125 0.211979166015625 0.938888888671875 0.2125 0.92962962890625 0.216145833984375 0.92962962890625 0.353645833984375 0.925 0.434895833984375 0.925 0.5546875 0.9268518515625 0.560416666015625
1 0.1748046875 0.392578125 0.2890625 0.4990234375
1 0.6748046875 0.8701171875 0.056640625 0.2568359375
1 0.3115234375 0.3681640625 0.162109375 0.5576171875
1 0.814453125 0.357421875 0.09765625 0.451171875
1 0.7314453125 0.865234375 0.0751953125 0.2568359375
1 0.7919921875 0.865234375 0.068359375 0.2626953125
1 0.443359375 0.3955078125 0.1171875 0.453125