1 0.1650390625 0.3525390625 0.130859375 0.482421875
1 0.07421875 0.3154296875 0.1484375 0.599609375
1 0.552734375 0.869140625 0.0859375 0.2607421875
1 0.2470703125 0.35546875 0.1533203125 0.4833984375
1 0.650390625 0.326171875 0.12109375 0.5283203125
1 0.939453125 0.28125 0.109375 0.5625
1 0.7392578125 0.3291015625 0.0791015625 0.4990234375
1 0.3681640625 0.2666015625 0.1845703125 0.44921875
1 0.619140625 0.8671875 0.06640625 0.265625
1 0.431640625 0.875 0.064453125 0.25
0 0.457407408203125 0.407291666015625 0.4555555546875 0.440104166015625 0.464814814453125 0.5796875 0.468518517578125 0.584375 0.5805555546875 0.580729166015625 0.588888888671875 0.5796875 0.59537037109375 0.574479166015625 0.589814814453125 0.4734375 0.581481482421875 0.0703125 0.57592592578125 0.063020833984375 0.517592591796875 0.057291666015625 0.44537037109375 0.0515625 0.437962962890625 0.057291666015625 0.442592591796875 0.210416666015625 0.457407408203125 0.407291666015625