1 0.853515625 0.2529296875 0.29296875 0.505859375
1 0.2763671875 0.3544921875 0.208984375 0.3671875
1 0.5419921875 0.8662109375 0.142578125 0.267578125
1 0.068359375 0.4638671875 0.13671875 0.455078125
1 0.4228515625 0.8779296875 0.126953125 0.244140625
1 0.6220703125 0.3291015625 0.177734375 0.443359375
1 0.4765625 0.87890625 0.109375 0.2421875
0 0.419921875 0.3779296875 0.228515625 0.462890625
1 0.19921875 0.3486328125 0.1953125 0.494140625
1 0.5400390625 0.3515625 0.216796875 0.4609375
1 0.03125 0.4453125 0.0625 0.3125
1 0.7431640625 0.2978515625 0.1328125 0.310546875
1 0.6025390625 0.818359375 0.138671875 0.33984375