0 0.761797060546875 0.605498193359375 0.76389872265625 0.601990421875 0.763515771484375 0.5278247109375 0.77656140625 0.155431763671875 0.77223370703125 0.15095230078125 0.670469251953125 0.132872029296875 0.663894564453125 0.13397859765625 0.66029774609375 0.185415494140625 0.659414970703125 0.596250521484375 0.659612009765625 0.60670640234375 0.665896046875 0.609756349609375 0.75518604296875 0.607124328125 0.761797060546875 0.605498193359375
1 0.0748864296875 0.2478563671875 0.092725505859375 0.337861671875 0.104877232421875 0.429557701171875 0.112370025390625 0.4551426953125 0.11261878125 0.47813271875 0.1266234140625 0.543330951171875 0.1275778515625 0.56950294921875 0.135049693359375 0.608661212890625 0.1412973984375 0.6122307265625 0.165240166015625 0.6149491796875 0.20318331640625 0.6165582109375 0.272894576171875 0.615167634765625 0.309535357421875 0.608854021484375 0.311694298828125 0.591253412109375 0.30225205078125 0.4475363359375 0.30404767578125 0.435131375 0.297302462890625 0.385581818359375 0.291272748046875 0.37889491796875 0.288067072265625 0.292001298828125 0.272922091796875 0.13692123828125 0.25698632421875 0.12588690234375 0.21198079296875 0.119085072265625 0.07649189453125 0.105433923828125 0.05953884375 0.1089473984375 0.056746884765625 0.1223268984375 0.058879310546875 0.14492653515625 0.063852126953125 0.15345408984375 0.06873790234375 0.20304748046875 0.0738439453125 0.20966979296875 0.0748864296875 0.2478563671875
1 0 0.63751569921875 0.082358583984375 0.63212616015625 0.109254021484375 0.632440556640625 0.126134408203125 0.6299662109375 0.131261400390625 0.62301525390625 0.13246033984375 0.605869623046875 0.093549998046875 0.379165634765625 0.077454833984375 0.264221228515625 0.07204275390625 0.248701728515625 0.068301923828125 0.209282255859375 0.062184162109375 0.19058078125 0.059185345703125 0.15382372265625 0.052252908203125 0.133498962890625 0.0531458125 0.10745614453125 0.05794582421875 0.105181267578125 0.059414466796875 0.09745238671875 0.0467066328125 0.066803775390625 0.03486519140625 0.0503125859375 0.03024683984375 0.049989638671875 0 0.4825396015625 0 0.63751569921875
1 0.306910986328125 0.513647369140625 0.31488590625 0.572158703125 0.314299037109375 0.607098708984375 0.321885439453125 0.618071306640625 0.331791494140625 0.622418740234375 0.343762876953125 0.623777966796875 0.384767689453125 0.62142425 0.389604033203125 0.61862980859375 0.390294330078125 0.60875808203125 0.352550537109375 0.0866241484375 0.344746142578125 0.07876894140625 0.283405197265625 0.066647986328125 0.27358719140625 0.074315126953125 0.267027884765625 0.088475400390625 0.26367000390625 0.123221640625 0.276435115234375 0.13977741796875 0.295585064453125 0.37032067578125 0.2998401015625 0.375839267578125 0.31099549609375 0.468509837890625 0.306910986328125 0.513647369140625
1 0.436716787109375 0.595296890625 0.413127205078125 0.2025905859375 0.407212052734375 0.167718017578125 0.38075259375 0.161168845703125 0.36043184375 0.159747880859375 0.3610900625 0.21670337109375 0.373640123046875 0.3956188125 0.389209951171875 0.597718046875 0.39313800390625 0.607912720703125 0.433255478515625 0.6049748515625 0.436716787109375 0.595296890625
1 0.472356673828125 0.178538634765625 0.41996178125 0.17122008984375 0.413387091796875 0.17232666015625 0.437131818359375 0.60263538671875 0.443415853515625 0.605685333984375 0.487119015625 0.604564515625 0.493802697265625 0.60189925390625 0.477841416015625 0.193019005859375 0.472356673828125 0.178538634765625
1 0.5047939609375 0 0.42582096875 0.127250869140625 0.410964013671875 0.153883541015625 0.41404105859375 0.16297449609375 0.43059446484375 0.165176234375 0.47912840234375 0.187887947265625 0.495577375 0.603067560546875 0.510553140625 0.61455687109375 0.535580291015625 0.628315359375 0.560446728515625 0.631098400390625 0.566170408203125 0.62888811328125 0.568220353515625 0.61284619921875 0.568299896484375 0.492245470703125 0.559503111328125 0.206560923828125 0.55816441015625 0.199157841796875 0.55284037890625 0.19565291796875 0.5534789609375 0.17324705078125 0.557500626953125 0.168829326171875 0.55811826171875 0.159996728515625 0.554299201171875 0.148243359375 0.552427974609375 0.002445171875 0.51746037890625 0 0.5047939609375 0
1 0.562402751953125 0.284557353515625 0.5614581328125 0.29806603515625 0.553669123046875 0.30326453125 0.551313140625 0.310409255859375 0.553648173828125 0.316837798828125 0.563299908203125 0.3248221875 0.56796734765625 0.523548525390625 0.57131409765625 0.542056232421875 0.56826781640625 0.559072685546875 0.568547337890625 0.6081701171875 0.57003136328125 0.613494943359375 0.576497056640625 0.613947068359375 0.632353259765625 0.61158765234375 0.655880998046875 0.606967611328125 0.657897240234375 0.4055760078125 0.6552980703125 0.363103740234375 0.658038314453125 0.337190099609375 0.653213103515625 0.286730591796875 0.656804357421875 0.261920669921875 0.6573296953125 0.17476584375 0.655363541015625 0.136514681640625 0.643864466796875 0.128401115234375 0.58071251171875 0.11563141796875 0.5576934140625 0.112977556640625 0.55629187109375 0.146294279296875 0.559114595703125 0.1590221875 0.556229025390625 0.1870140859375 0.56169281640625 0.2150677265625 0.558407599609375 0.2487748359375 0.562402751953125 0.284557353515625
1 0.846977345703125 0.595269322265625 0.87278383984375 0.1731245 0.871190818359375 0.16935837109375 0.86394678125 0.166763396484375 0.79052545703125 0.15484191015625 0.783136095703125 0.1543251953125 0.780219755859375 0.156209685546875 0.76530583203125 0.54204672265625 0.76500405078125 0.5994571875 0.766524408203125 0.604262447265625 0.773841107421875 0.60581829296875 0.8427740234375 0.6022848671875 0.846977345703125 0.595269322265625
1 0.931208447265625 0.1871299453125 0.92506973828125 0.18200173828125 0.9094763359375 0.179345025390625 0.88826824609375 0.17733990625 0.876966212890625 0.17968222265625 0.84871569140625 0.596957193359375 0.849421373046875 0.600139169921875 0.8630947734375 0.603705833984375 0.893793884765625 0.602719892578125 0.898069869140625 0.594665216796875 0.931208447265625 0.1871299453125
1 0.95019475 0.247455478515625 0.947496400390625 0.24622258203125 0.929910330078125 0.24551494921875 0.92719103515625 0.257855322265625 0.911615951171875 0.427494591796875 0.899429517578125 0.588495029296875 0.901982541015625 0.591806185546875 0.91797558984375 0.5887476875 0.941514287109375 0.345044453125 0.95053155078125 0.282460076171875 0.95019475 0.247455478515625
1 0.967881619140625 0.459100642578125 0.992683587890625 0.250426587890625 0.987395884765625 0.246402099609375 0.972689822265625 0.244329541015625 0.957874763671875 0.243815677734375 0.94838373828125 0.246806736328125 0.93879222265625 0.38397179296875 0.928506158203125 0.46470092578125 0.9201499140625 0.58420078515625 0.921597607421875 0.590045173828125 0.9298016484375 0.592185171875 0.953962404296875 0.591786236328125 0.961777927734375 0.546387498046875 0.967881619140625 0.459100642578125
1 0.1826171875 0.3701171875 0.322265625 0.517578125
1 0.6484375 0.8759765625 0.07421875 0.248046875
1 0.3212890625 0.35546875 0.201171875 0.568359375
1 0.8232421875 0.3798828125 0.12890625 0.45703125
1 0.705078125 0.875 0.09375 0.25
1 0.765625 0.875 0.0859375 0.25
1 0.451171875 0.3916015625 0.1484375 0.4609375