1 0.158203125 0.3701171875 0.15625 0.48828125
1 0.0771484375 0.3369140625 0.154296875 0.607421875
1 0.572265625 0.8662109375 0.099609375 0.265625
1 0.240234375 0.369140625 0.177734375 0.490234375
1 0.640625 0.318359375 0.1484375 0.533203125
1 0.9267578125 0.271484375 0.138671875 0.54296875
1 0.73046875 0.31640625 0.10546875 0.501953125
1 0.3564453125 0.2734375 0.20703125 0.458984375
1 0.638671875 0.8603515625 0.080078125 0.26953125
1 0.451171875 0.875 0.078125 0.25
0 0.584670193359375 0.576402578125 0.592937591796875 0.57492620703125 0.599137607421875 0.569385794921875 0.588301552734375 0.468773359375 0.558881708984375 0.0666369609375 0.552952150390625 0.05964604296875 0.49439891796875 0.056977658203125 0.421975833984375 0.055036162109375 0.41487841796875 0.061145150390625 0.427515646484375 0.213818001953125 0.45261380078125 0.40964784375 0.4524817578125 0.44251229296875 0.469033556640625 0.5814197421875 0.4729775078125 0.58590698046875 0.584670193359375 0.576402578125