1 0.908203125 0.310546875 0.1787109375 0.541015625
1 0.314453125 0.3076171875 0.1337890625 0.345703125
1 0.4580078125 0.869140625 0.0849609375 0.26171875
1 0.0771484375 0.365234375 0.060546875 0.4521484375
1 0.3369140625 0.8662109375 0.068359375 0.267578125
1 0.6572265625 0.361328125 0.0810546875 0.435546875
1 0.3896484375 0.873046875 0.0537109375 0.25390625
0 0.44921875 0.36328125 0.1318359375 0.4443359375
1 0.2412109375 0.28515625 0.087890625 0.4873046875
1 0.572265625 0.3642578125 0.1201171875 0.4462890625
1 0.02734375 0.3359375 0.0537109375 0.3076171875
1 0.7822265625 0.357421875 0.0673828125 0.302734375
1 0.5283203125 0.8330078125 0.064453125 0.333984375