1 0.7900390625 0.3271484375 0.1796875 0.505859375
1 0.6728515625 0.86328125 0.123046875 0.2734375
0 0.673828125 0.314453125 0.20703125 0.517578125
1 0.8876953125 0.341796875 0.109375 0.48828125
1 0.2646484375 0.2822265625 0.208984375 0.564453125
1 0.408203125 0.3291015625 0.15234375 0.462890625
1 0.1376953125 0.294921875 0.275390625 0.5234375
1 0.6142578125 0.8681640625 0.087890625 0.263671875
1 0.54296875 0.2470703125 0.20703125 0.44140625
1 0.7470703125 0.8662109375 0.103515625 0.267578125
1 0.3310546875 0.326171875 0.154296875 0.466796875