0 0.73685710546875 0.65351312890625 0.739589470703125 0.6504708203125 0.7533650390625 0.577594671875 0.8372269140625 0.214532857421875 0.833833447265625 0.2093099296875 0.737388572265625 0.17214426953125 0.73072353515625 0.171975998046875 0.717378177734375 0.221781548828125 0.638120603515625 0.624899939453125 0.636318947265625 0.6352013125 0.6419055703125 0.639394275390625 0.73005726953125 0.6538479453125 0.73685710546875 0.65351312890625
1 0.130808236328125 0.171373462890625 0.131145736328125 0.26312897265625 0.125577775390625 0.355458947265625 0.128051056640625 0.382003564453125 0.1239085390625 0.40461866015625 0.12521545703125 0.471291228515625 0.1211585078125 0.49716448828125 0.121021322265625 0.537029 0.12647314453125 0.541725048828125 0.149457310546875 0.54896205078125 0.1863963203125 0.5577814140625 0.255092123046875 0.569717923828125 0.29226440234375 0.57051169921875 0.29774203125 0.553646408203125 0.315895775390625 0.41076815234375 0.320025390625 0.398933728515625 0.32285860546875 0.34900748828125 0.318215595703125 0.341292921875 0.331648900390625 0.255384111328125 0.34637284765625 0.100263509765625 0.332835314453125 0.08639121875 0.28995451171875 0.071126896484375 0.1595596875 0.03187405859375 0.142247708984375 0.032088185546875 0.1369541171875 0.04468913671875 0.134735150390625 0.067280439453125 0.13798946875 0.076600177734375 0.13332261328125 0.1262146484375 0.137071248046875 0.133689568359375 0.130808236328125 0.171373462890625
1 0.116336505859375 0 0 0.43417375390625 0 0.541755830078125 0.06482097265625 0.550008890625 0.091162275390625 0.55544940234375 0.108204650390625 0.55624144921875 0.11456375 0.5503964765625 0.119012203125 0.533794626953125 0.1240739140625 0.30383138671875 0.130206888671875 0.187927728515625 0.12785550390625 0.171660693359375 0.131704994140625 0.13225168359375 0.12926804296875 0.112726484375 0.133337900390625 0.0760725546875 0.130410978515625 0.054798447265625 0.136256681640625 0.029404482421875 0.1414025703125 0.02808728515625 0.14431896875 0.02078063671875 0.140083408203125 0 0.116336505859375 0
1 0.30785453515625 0.4765535078125 0.304518443359375 0.535511509765625 0.29727548828125 0.56969758984375 0.302628837890625 0.581916142578125 0.311523361328125 0.5880738671875 0.323015443359375 0.5916923671875 0.3637159921875 0.597205982421875 0.368996681640625 0.595385701171875 0.371557912109375 0.5858270625 0.4341354296875 0.06608434375 0.42797326953125 0.05688430859375 0.3700721171875 0.033281646484375 0.35897153515625 0.038934556640625 0.349830833984375 0.05158308984375 0.339904751953125 0.08505023046875 0.349276341796875 0.10373753125 0.324084724609375 0.33369904296875 0.327208587890625 0.339928140625 0.3204766484375 0.433024640625 0.30785453515625 0.4765535078125
1 0.419695974609375 0.58147101171875 0.4714716953125 0.191478724609375 0.47231921875 0.15611819921875 0.447595537109375 0.144640650390625 0.42791926953125 0.13936841015625 0.417697775390625 0.1954030625 0.395878580078125 0.37342598828125 0.372599994140625 0.574782953125 0.374510642578125 0.585539830078125 0.4144516171875 0.590310712890625 0.419695974609375 0.58147101171875
1 0.534202279296875 0.17917019140625 0.48416647265625 0.16198869140625 0.477501435546875 0.161820419921875 0.41870312890625 0.58875387109375 0.424289751953125 0.59294683203125 0.467403826171875 0.600185564453125 0.474473263671875 0.598844576171875 0.536823267578125 0.194431052734375 0.534202279296875 0.17917019140625
1 0.49575702734375 0.158084689453125 0.53906566015625 0.1896398359375 0.475992412109375 0.60033004296875 0.48850076953125 0.6144657734375 0.51044285546875 0.632746884765625 0.5343213984375 0.640223533203125 0.54036166015625 0.639145984375 0.545434884765625 0.623789953125 0.56852466796875 0.505420177734375 0.614400685546875 0.223305955078125 0.61449915625 0.215783453125 0.609941712890625 0.21132705078125 0.614843802734375 0.189454689453125 0.619634521484375 0.1858855 0.6219261484375 0.177333033203125 0.620419904296875 0.165066896484375 0.646402662109375 0.021590384765625 0.600789498046875 0.009368375 0.498307734375 0.11994529296875 0.47864198828125 0.14325380859375 0.479927865234375 0.152764865234375 0.49575702734375 0.158084689453125
1 0.6023646328125 0.3004226484375 0.598859791015625 0.313502896484375 0.590221966796875 0.31711966796875 0.586545994140625 0.32368358203125 0.587611501953125 0.33043955859375 0.595562412109375 0.340118888671875 0.562225326171875 0.536084654296875 0.5619791484375 0.554890912109375 0.5557419453125 0.57101346875 0.54664809765625 0.61926217578125 0.547088833984375 0.6247723359375 0.55334946484375 0.6264498671875 0.60862962890625 0.634791666015625 0.632606642578125 0.634745810546875 0.673013169921875 0.437439056640625 0.678565845703125 0.395251177734375 0.686200298828125 0.3703365078125 0.691091869140625 0.319883390625 0.69935109765625 0.2962145390625 0.71649670703125 0.210761232421875 0.72186534375 0.17283769140625 0.7121256796875 0.162679068359375 0.652570578125 0.1380940234375 0.630480787109375 0.131096669921875 0.62274786328125 0.16353384375 0.62309012890625 0.176566505859375 0.614916466796875 0.2034935234375 0.614926986328125 0.232074279296875 0.6052705078125 0.26453524609375 0.6023646328125 0.3004226484375
1 0.822424150390625 0.659725353515625 0.92830553515625 0.2502606328125 0.92746039453125 0.246259736328125 0.920844595703125 0.2423302109375 0.851046955078125 0.216618306640625 0.84389194921875 0.21470112890625 0.84066961328125 0.215994533203125 0.7524085234375 0.5918969453125 0.741157853515625 0.64819503515625 0.741733390625 0.653202107421875 0.74861879296875 0.656125458984375 0.81695942578125 0.665809974609375 0.822424150390625 0.659725353515625
1 0.98298435546875 0.27515669921875 0.9779369375 0.268951390625 0.963136955078125 0.26336812890625 0.94270111328125 0.257353154296875 0.931159794921875 0.25749590625 0.82380849609375 0.661713908203125 0.8238940625 0.664972072265625 0.836635693359375 0.671082212890625 0.86695890234375 0.6759720546875 0.87269323046875 0.66888126171875 0.98298435546875 0.27515669921875
1 0.990111169921875 0.337996640625 0.98769764453125 0.336271525390625 0.970569705078125 0.332221314453125 0.96554571484375 0.34381609375 0.917888091796875 0.50736674609375 0.875205224609375 0.663083873046875 0.877079544921875 0.66682133203125 0.89336234375 0.666870646484375 0.96296933984375 0.4321363203125 0.983762591796875 0.372422369140625 0.990111169921875 0.337996640625
1 1 0.336270900390625 0.998344587890625 0.33588912890625 0.98845721875 0.337014259765625 0.952869599609375 0.4698290625 0.927368673828125 0.547112298828125 0.896364310546875 0.662822162109375 0.896670244140625 0.66883540625 0.904315220703125 0.6725014921875 0.928108197265625 0.6767199765625 0.944442615234375 0.633646611328125 0.96708928125 0.5491281015625 1 0.44648841796875 1 0.336270900390625
1 0.2138671875 0.3125 0.408203125 0.556640625
1 0.572265625 0.884765625 0.12109375 0.23046875
1 0.3525390625 0.32421875 0.30078125 0.580078125
1 0.8408203125 0.443359375 0.2109375 0.4609375
1 0.6279296875 0.8896484375 0.138671875 0.220703125
1 0.6865234375 0.896484375 0.134765625 0.20703125
1 0.47265625 0.384765625 0.23046875 0.46875