1 0.7734375 0.302734375 0.13671875 0.4951171875
1 0.7060546875 0.857421875 0.09765625 0.28515625
0 0.6572265625 0.2998046875 0.1630859375 0.505859375
1 0.8720703125 0.30859375 0.068359375 0.4833984375
1 0.2470703125 0.2978515625 0.1611328125 0.5654296875
1 0.3935546875 0.337890625 0.1123046875 0.4541015625
1 0.119140625 0.3271484375 0.23828125 0.50390625
1 0.6474609375 0.86328125 0.064453125 0.2734375
1 0.5205078125 0.244140625 0.1708984375 0.4287109375
1 0.779296875 0.8564453125 0.078125 0.287109375
1 0.31640625 0.341796875 0.115234375 0.458984375